12
182427 825298 488015 982904 860058 865839 78800 124728 32068 49085 1036900 1025470
7
869877 412838 992004 895912 619132 174554 239285
9
794272 219586 381749 842492 145084 286784 281294 635678 122561
15
818104 947858 386203 752431 759339 203465 831230 884067 235532 880315 872390 212426 580262 693690 625263
8
541025 195819 698243 780310 726075 443938 999895 59248
8
96402 346031 519147 732079 468591 417334 501607 367873
4
205461 78635 1007000 1036691
6
193956 868429 786514 406381 400114 431627
14
923803 972652 178885 573470 704385 904960 1017407 655703 964207 206684 752104 261661 725830 435606
12
94587 937212 49547 898123 94097 128182 856546 82211 42306 1925 950639 828820
14
302176 211870 391372 177403 135945 570256 750872 840329 426639 719702 447455 342269 926385 150982
7
603638 586588 285604 698225 475223 335150 547771
14
463331 355740 651529 505637 357665 553591 285880 765969 855767 497749 108764 1033169 633694 679020
14
425446 57082 406589 872901 399351 284398 1023882 1003279 888035 561893 240306 537683 1037116 575456
11
557858 1038786 392617 160811 495846 750281 714401 781725 467673 521591 230898
11
506183 864591 206880 193070 241460 263961 599659 65784 663311 884056 41090
15
723514 602982 858319 212621 591521 385198 249497 100803 375408 642113 261613 871253 343817 976013 604402
11
449028 835299 339350 955210 651313 546229 99704 892772 810189 699362 958556
3
534841 999645 1042937
14
554050 852679 422398 96995 189301 671895 197797 564708 265431 459409 387384 609248 386845 991785
13
835872 778507 711510 742506 381243 209162 842209 225439 1019350 492994 135418 395697 1027834
12
390057 189035 640535 194160 611433 737529 383460 234751 935325 948167 500181 346157
7
60852 733002 230183 433012 520297 1008689 95945
5
341356 305106 7858 566794 275880
7
702211 671576 480108 788696 13057 669143 380654
6
231999 69607 590675 466749 1004931 490265
6
302512 777238 1027781 1035513 1007420 412216
2
967533 508161
7
260312 813266 729316 827105 40569 181591 480739
8
661698 220858 725201 282264 601511 932416 514262 671117
6
981010 627472 964778 899363 929983 693439
7
916919 652283 242206 375575 571239 750366 48457
13
515056 777773 610078 555624 959363 42240 219192 572484 263097 944392 854748 864607 828231
3
487148 254168 252867
1
170369
14
996025 863808 982219 864367 467514 175848 191365 1038752 926214 239822 821725 392693 1017594 383226
12
928380 425465 118932 452287 688561 14747 258458 504591 842978 578891 991738 48569
14
9204 218938 935409 1005228 34169 869051 821018 501682 1044898 1012383 491857 922535 203628 265005
7
172645 648230 166391 52448 25118 285322 504734
3
300068 763192 169692
10
293506 112854 143038 76686 122057 361975 1012094 78709 396143 832568
4
897824 828889 863532 341104
14
18583 606108 969498 191227 205761 87312 243674 230878 372633 748408 944555 672701 463023 65670
1
756528
12
910206 833213 300580 223604 796730 379288 619746 580721 230437 468993 361033 45393
3
15304 63975 367627
4
255202 573387 23537 498875
9
396170 198706 700242 20294 661728 765912 787462 369679 944434
9
154315 196437 872695 951044 575724 443865 483188 806161 912857
10
1 674377 859524 915527 1042003 795749 122152 566814 819286 1048575
