49 90
0 2
0 21
1 7
2 6
2 36
2 37
2 43
3 4
3 8
3 21
4 17
4 23
5 30
5 34
5 38
6 13
6 26
6 31
6 34
6 35
7 14
7 15
7 23
7 25
7 27
7 36
7 39
7 43
8 11
8 15
8 29
8 47
9 13
9 30
10 14
10 19
10 27
10 37
11 21
11 44
12 13
12 21
12 30
12 44
13 24
13 27
13 36
14 31
15 20
15 21
15 33
16 29
16 36
17 34
18 42
19 20
19 22
19 31
19 38
20 40
20 45
21 37
22 43
22 48
23 32
24 35
25 33
26 36
26 37
26 40
27 32
27 44
28 31
28 35
28 38
29 31
29 33
30 48
31 41
31 42
31 43
32 42
33 39
33 45
35 40
36 38
38 39
38 40
38 46
43 44