S000000000000000000000000000000000000000000000000000000000000
0011111111000000000000000000000000000000001111111100000000000
0000000000100000000000000000000000000000000000000011111000000
0000000000100000001111110000001111110000000000000000000010000
0000000000100000000000000000000000000000000000000000000010000
0000000000000000000000000000000000000000000000000000000010000
0000000000000000000000000000000000000000000000000000000010000
0000000000000000000000001111100001111100000000000000000010000
0000000000000000000000000000000000000000000000000000000010000
0000000000000000000000000000000000000000000000000000000010000
0000000000000000000000000000000000000000000000000000000010000
0000000000000000000000000000000000000000000000000000000010000
0000000000000000000000000000000000000000000000000000000010000
0000000000000000000000000000000000000000000000000000000010000
0000000000000000000000000000000000000000000000000000000010000
0000000000000000000000000000000000000000000000000000000010000
0000000000000000000000000000000000000000000000000000000010000
0000000000000000000000000000000000000000000000000000000010000
0000000000000000000000000000000000000000000000000000000010000
0000000000000000000000000000000000000000000000000000000010000
0000000000000000000000000000000000000000000000000000000010000
0000000000000000000000000000000000000000000000000000000010000
0000000000000000000000000000000000000000000000000000000010000
0000000000000000000000000000000000000000000000000000000010000
0000000000000000000000000000000000000000000000000000000010000
0000000000000000000000000000000000000000000000000000000010000
0000000000000000000000000000000000000000000000000000000010000
0000000000000000000000000000000000000000000000000000000010000
0000000000000000000000000000000000000000000000000000000010000
0000000000000000000000000000000000000000000000000000000010000
0000000000000000000000000000000000000000000000000000000010000
0000000000000000000000000000000000000000000000000000000010000
000000000000000000000000000000000000000000000000000000001G000