50 30 24 5 28 45 98 52 60

5 24 28 30 45 50 52 60 98


                                            50 
                                          /    \
                            5 24 28 30 45        52 60 98


                30                                                           98
              /    \                                                        /
       5 24 28      45                                                   52  60
                                                         

    24                                                                                     52
   /  \                                                                                      \
  5    28                                                                                     60


  50 30 24 5 28 45 98 52 60


                 |
                 v
  05 24 28 30 45 50 52 60 98
   0  0  0  0  0  0  0  0  0  


           |
           v
  05 24 28 30 45 50 52 60 98
   0  0  0  0  0  0  0  0  0  


     |
     v
  05 24 28 30 45 50 52 60 98
   0  0  0  0  0  0  0  0  0  

   |
   v
  05 24 28 30 45 50 52 60 98
   1  0  0  0  0  0  0  0  0  

         |
         v
  05 24 28 30 45 50 52 60 98
   1  0  1  0  0  0  0  0  0  